1	1000000	0.497997 49.1045 misses 100.23 L1misses 3978.36 instructions 3.31274 bmisses 
should = 50000005000000
is = 50000005000000
2	1000000	1.50143 26.9583 misses 57.1127 L1misses 2146.83 instructions 1.61665 bmisses 
should = 50000005000000
is = 50000005000000
3	1000000	2.13086 27.8925 misses 58.9071 L1misses 2126.71 instructions 2.08188 bmisses 
should = 50000005000000
is = 50000005000000
4	1000000	2.26474 28.9492 misses 61.1548 L1misses 2099.91 instructions 0.863833 bmisses 
should = 50000005000000
is = 50000005000000
