1	1000000	0.488243 53.4388 misses 111.612 L1misses 4492.41 instructions 6.30223 bmisses 
should = 50000005000000
is = 50000005000000
2	1000000	1.50044 27.886 misses 59.6322 L1misses 2065.92 instructions 1.98585 bmisses 
should = 50000005000000
is = 50000005000000
3	1000000	2.11726 26.7919 misses 58.0037 L1misses 1989.89 instructions 1.50902 bmisses 
should = 50000005000000
is = 50000005000000
4	1000000	1.78529 37.3401 misses 74.8984 L1misses 2660.21 instructions 1.99703 bmisses 
should = 50000005000000
is = 50000005000000
