1	1000000	36.123 0.882359 misses 5.98122 L1misses 109.985 instructions 0.276355 bmisses 
should = 50000005000000
is = 0
2	1000000	59.5214 0.886788 misses 5.54059 L1misses 86.5021 instructions 0.0792825 bmisses 
should = 50000005000000
is = 0
3	1000000	34.8663 1.97993 misses 6.65094 L1misses 102.027 instructions 0.0773253 bmisses 
should = 50000005000000
is = 0
4	1000000	38.7807 2.08143 misses 6.52535 L1misses 105.286 instructions 0.126536 bmisses 
should = 50000005000000
is = 0
