1	1000000	0.449744 53.187 misses 135.117 L1misses 5364.25 instructions 10.1115 bmisses 
should = 50000005000000
is = 49924640587824
2	1000000	1.28275 30.8919 misses 81.7311 L1misses 2764.22 instructions 5.73317 bmisses 
should = 50000005000000
is = 49850283999063
3	1000000	1.85284 28.3738 misses 77.6675 L1misses 2425.5 instructions 2.94145 bmisses 
should = 50000005000000
is = 49775445841776
4	1000000	1.74437 36.6108 misses 91.5483 L1misses 3025.73 instructions 2.64315 bmisses 
should = 50000005000000
is = 49699672618972
